11000100000000000
01010000000000000
01001000110000000
01000001010000000
01000000001000000
01000101011000000
01000000010100000
01000100000010000
01000111010000001
01000000011100001
00100000000000000
00100000000000000
00010000000000000
00010000000000000
00010000000000000
00011000000000000
00011001000000000
00010000001000000
00010110001000000
00011000001001000
00010000000000010
00001000000000000
00001000001000000
00001000001000000
00001000000000010
00001100001001010
00000100000000000
00000100000000000
00000100000000000
00000101100000000
00000100001000000
00000110001000000
00000010000000000
00000010000000010
00000010000000010
00000010000001010
00000001001001110
00000000001000000
00000000001000000
00000000001100000
00000000001000010
00000000000100000
00000000000001010
00000000000000010
00000000000000010
00000000000000010
00000000000000010
00000000000000010
00000000000000010
00000000000000010
00000000000000010
00000000000000010
00000000000000010
00000000000000010
00000000000000010
00000000000000010